Date	Open	High	Low	Close	Volume	Adj Close						
12/12/2008	4388.7	4388.7	4201.9	4280.4	1101084600	4280.4						
11/12/2008	4367.3	4430.3	4307.8	4388.7	1054034500	4388.7					100	25
10/12/2008	4381.3	4407.1	4330	4367.3	1098275500	4367.3						173
09/12/2008	4300.1	4413	4232.6	4381.3	1106828600	4381.3	-7.4		-1			
08/12/2008	4049.4	4318	4049.4	4300.1	1243254500	4300.1	-67.2	250.7	-1	1	0	
05/12/2008	4163.6	4163.6	4002.2	4049.4	1116563000	4049.4	-331.9	-114.2	-1	-1	0	
04/12/2008	4170	4261.1	4090	4163.6	1270801000	4163.6	-136.5	-6.4	-1	-1	1	
03/12/2008	4122.9	4190.9	4042.3	4170	1201073100	4170	120.6	47.1	1	1	-1	
02/12/2008	4065.5	4137.1	3973.3	4122.9	1586775800	4122.9	-40.7	57.4	-1	1	1	
01/12/2008	4288	4288	4038.4	4065.5	1042162300	4065.5	-104.5	-222.5	-1	-1	0	
28/11/2008	4226.1	4288	4192.5	4288	941923400	4288	165.1	61.9	1	1	-1	
27/11/2008	4152.7	4241.7	4152.7	4226.1	781558000	4226.1	160.6	73.4	1	1	1	
26/11/2008	4171.3	4198.7	4050.7	4152.7	1167500600	4152.7	-135.3	-18.6	-1	-1	-1	
25/11/2008	4153	4268.3	4069.3	4171.3	1902844600	4171.3	-54.8	18.3	-1	1	-1	
24/11/2008	3781	4153.1	3781	4153	1639666200	4153	0.3	372	1	1	0	
21/11/2008	3875	3946.7	3734.1	3781	1618676700	3781	-390.3	-94	-1	-1	0	
20/11/2008	4005.7	4005.7	3812.2	3875	1571801700	3875	-278	-130.7	-1	-1	1	
19/11/2008	4208.5	4213.2	3999.1	4005.7	1388499600	4005.7	224.7	-202.8	1	-1	1	
18/11/2008	4132.2	4208.5	4033.4	4208.5	1317042600	4208.5	333.5	76.3	1	1	1	
17/11/2008	4233	4236.4	4110.7	4132.2	1096392800	4132.2	126.5	-100.8	1	-1	-1	
14/11/2008	4169.2	4342.3	4169.2	4233	1228154000	4233	24.5	63.8	1	1	1	
13/11/2008	4182	4198.7	4079.6	4169.2	1418693000	4169.2	37	-12.8	1	-1	0	
12/11/2008	4246.7	4333.4	4134.5	4182	1441079300	4182	-51	-64.7	-1	-1	0	
11/11/2008	4403.9	4403.9	4231.5	4246.7	1320674700	4246.7	77.5	-157.2	1	-1	0	
10/11/2008	4365	4524.9	4365	4403.9	1096761500	4403.9	221.9	38.9	1	1	0	
07/11/2008	4272.4	4408.1	4263.8	4365	1296013900	4365	118.3	92.6	1	1	1	
06/11/2008	4530.7	4530.7	4260.3	4272.4	1681098800	4272.4	-131.5	-258.3	-1	-1	-1	
05/11/2008	4639.5	4639.5	4495.7	4530.7	1154349300	4530.7	165.7	-108.8	1	-1	1	
04/11/2008	4443.3	4639.5	4404.2	4639.5	1492237400	4639.5	367.1	196.2	1	1	1	
03/11/2008	4377.3	4443.3	4348.3	4443.3	1234626600	4443.3	-87.4	66	-1	1	1	
31/10/2008	4291.6	4383.9	4195.1	4377.3	1679929200	4377.3	-262.2	85.7	-1	1	0	
30/10/2008	4242.5	4352.5	4200.2	4291.6	1363824700	4291.6	-151.7	49.1	-1	1	-1	
29/10/2008	3926.4	4242.5	3926.4	4242.5	1667725800	4242.5	-134.8	316.1	-1	1	-1	
28/10/2008	3852.6	4034	3847.6	3926.4	1592948400	3926.4	-365.2	73.8	-1	1	-1	
27/10/2008	3883.4	3911.6	3665.2	3852.6	1399046800	3852.6	-389.9	-30.8	-1	-1	1	
24/10/2008	4087.8	4087.8	3715.2	3883.4	1831994400	3883.4	-43	-204.4	-1	-1	1	
23/10/2008	4040.9	4108.4	3927.6	4087.8	1459891400	4087.8	235.2	46.9	1	1	0	
22/10/2008	4229.7	4229.7	4031.8	4040.9	1446139700	4040.9	157.5	-188.8	1	-1	-1	
21/10/2008	4282.7	4347.7	4212.4	4229.7	1277220400	4229.7	141.9	-53	1	-1	-1	
20/10/2008	4063	4282.7	4063	4282.7	1455709900	4282.7	241.8	219.7	1	1	1	
17/10/2008	3861.4	4077.6	3861.3	4063	1844506800	4063	-166.7	201.6	-1	1	1	
16/10/2008	4079.6	4079.6	3808.1	3861.4	1998661000	3861.4	-421.3	-218.2	-1	-1	1	
15/10/2008	4394.2	4394.2	4052	4079.6	1647590100	4079.6	16.6	-314.6	1	-1	1	
14/10/2008	4256.9	4534.4	4256.9	4394.2	2146346000	4394.2	532.8	137.3	1	1	0	
13/10/2008	3932.1	4256.9	3932.1	4256.9	2086166600	4256.9	177.3	324.8	1	1	1	
10/10/2008	4313.8	4313.8	3874	3932.1	2146498800	3932.1	-462.1	-381.7	-1	-1	-1	
09/10/2008	4366.7	4512.5	4274.4	4313.8	1903576800	4313.8	56.9	-52.9	1	-1	1	
08/10/2008	4605.2	4654.2	4245.3	4366.7	2146613600	4366.7	434.6	-238.5	1	-1	0	
07/10/2008	4589.2	4745	4517.5	4605.2	2142946800	4605.2	291.4	16	1	1	1	
06/10/2008	4980.3	4980.3	4549.7	4589.2	1802091400	4589.2	222.5	-391.1	1	-1	-1	
03/10/2008	4870.3	5003.9	4832.1	4980.3	1565720100	4980.3	375.1	110	1	1	1	
02/10/2008	4959.6	5052	4862.1	4870.3	1321029600	4870.3	281.1	-89.3	1	-1	-1	
01/10/2008	4902.5	5012.2	4891.5	4959.6	1532944100	4959.6	-20.7	57.1	-1	1	1	
30/09/2008	4818.8	4953.4	4671	4902.5	1767670400	4902.5	32.2	83.7	1	1	0	
29/09/2008	5088.5	5088.5	4818.8	4818.8	1512406900	4818.8	-140.8	-269.7	-1	-1	0	
26/09/2008	5197	5197	5057.3	5088.5	1124378300	5088.5	186	-108.5	1	-1	1	
25/09/2008	5095.6	5211.6	5060.7	5197	1428145900	5197	378.2	101.4	1	1	1	
24/09/2008	5136.1	5167.4	5087.3	5095.6	1259398100	5095.6	7.1	-40.5	1	-1	-1	
23/09/2008	5236.3	5236.3	5076.3	5136.1	1502159000	5136.1	-60.9	-100.2	-1	-1	0	
22/09/2008	5311.3	5339.3	5236.3	5236.3	1294511500	5236.3	140.7	-75	1	-1	0	
19/09/2008	4880	5351.2	4857.1	5311.3	2147442800	5311.3	175.2	431.3	1	1	1	
18/09/2008	4912.4	5015.9	4860.7	4880	2145521400	4880	-356.3	-32.4	-1	-1	-1	
17/09/2008	5025.6	5124.4	4903.3	4912.4	2146561600	4912.4	-398.9	-113.2	-1	-1	1	
16/09/2008	5204.2	5204.2	4961.2	5025.6	2146099200	5025.6	145.6	-178.6	1	-1	1	
15/09/2008	5416.7	5416.7	5124.9	5204.2	2087491400	5204.2	291.8	-212.5	1	-1	-1	
12/09/2008	5318.4	5416.7	5318.4	5416.7	1375294700	5416.7	391.1	98.3	1	1	1	
11/09/2008	5366.2	5377.9	5258.1	5318.4	1448877900	5318.4	114.2	-47.8	1	-1	-1	
10/09/2008	5415.6	5419.5	5327.8	5366.2	1580677300	5366.2	-50.5	-49.4	-1	-1	-1	
09/09/2008	5446.3	5524.8	5386.9	5415.6	2008764200	5415.6	97.2	-30.7	1	-1	0	
08/09/2008	5240.7	5447.6	5240.7	5446.3	808056500	5446.3	80.1	205.6	1	1	0	
05/09/2008	5362.1	5362.1	5227.6	5240.7	1653449100	5240.7	-174.9	-121.4	-1	-1	0	
04/09/2008	5499.7	5541.7	5362.1	5362.1	1424206800	5362.1	-84.2	-137.6	-1	-1	1	
03/09/2008	5620.7	5620.7	5492.1	5499.7	1257682600	5499.7	259	-121	1	-1	0	
02/09/2008	5602.8	5646.5	5574.9	5620.7	1347035700	5620.7	258.6	17.9	1	1	1	
01/09/2008	5636.6	5636.6	5573.8	5602.8	590551500	5602.8	103.1	-33.8	1	-1	-1	
29/08/2008	5601.2	5649.1	5587.4	5636.6	1110243500	5636.6	15.9	35.4	1	1	1	
28/08/2008	5528.1	5634	5496.9	5601.2	1098757800	5601.2	-1.6	73.1	-1	1	0	
27/08/2008	5470.7	5540.8	5434.7	5528.1	879705600	5528.1	-108.5	57.4	-1	1	0	
26/08/2008	5505.6	5505.6	5369.3	5470.7	964507900	5470.7	-130.5	-34.9	-1	-1	1	
22/08/2008	5370.2	5505.6	5368	5505.6	1024330700	5505.6	-22.5	135.4	-1	1	-1	
21/08/2008	5371.8	5408	5311.4	5370.2	1013619100	5370.2	-100.5	-1.6	-1	-1	0	
20/08/2008	5320.4	5384.2	5320.4	5371.8	1086561800	5371.8	-133.8	51.4	-1	1	-1	
19/08/2008	5450.2	5450.2	5317.1	5320.4	1162376300	5320.4	-49.8	-129.8	-1	-1	1	
18/08/2008	5454.8	5498.7	5425.3	5450.2	727618300	5450.2	78.4	-4.6	1	-1	0	
15/08/2008	5497.4	5538.8	5432.2	5454.8	964805700	5454.8	134.4	-42.6	1	-1	0	
14/08/2008	5448.6	5539.6	5445.6	5497.4	1127815600	5497.4	47.2	48.8	1	1	1	
13/08/2008	5534.5	5534.5	5437.1	5448.6	1399993600	5448.6	-6.2	-85.9	-1	-1	0	
12/08/2008	5541.8	5569.2	5491.3	5534.5	1249922600	5534.5	37.1	-7.3	1	-1	0	
11/08/2008	5489.2	5541.8	5477.7	5541.8	1121815500	5541.8	93.2	52.6	1	1	0	
08/08/2008	5477.5	5507.2	5410.8	5489.2	1416497600	5489.2	-45.3	11.7	-1	1	0	
07/08/2008	5486.1	5539.3	5450.9	5477.5	1552588900	5477.5	-64.3	-8.6	-1	-1	0	
06/08/2008	5454.5	5498.6	5440.1	5486.1	1634688400	5486.1	-3.1	31.6	-1	1	0	
05/08/2008	5320.2	5454.5	5299.7	5454.5	1655152900	5454.5	-23	134.3	-1	1	0	
04/08/2008	5354.7	5414.7	5310.3	5320.2	972098200	5320.2	-165.9	-34.5	-1	-1	0	
01/08/2008	5411.9	5411.9	5321.3	5354.7	1344622600	5354.7	-99.8	-57.2	-1	-1	1	
31/07/2008	5420.7	5456.1	5371.3	5411.9	1768570800	5411.9	91.7	-8.8	1	-1	0	
30/07/2008	5319.2	5435.9	5319.2	5420.7	1458786200	5420.7	66	101.5	1	1	0	
29/07/2008	5312.6	5354.6	5261.4	5319.2	1509528900	5319.2	-92.7	6.6	-1	1	0	
28/07/2008	5352.6	5365.8	5308.4	5312.6	1076152300	5312.6	-108.1	-40	-1	-1	0	
25/07/2008	5362.3	5375.2	5291.4	5352.6	1667475500	5352.6	33.4	-9.7	1	-1	1	
24/07/2008	5449.9	5463.7	5345.1	5362.3	1731840200	5362.3	49.7	-87.6	1	-1	0	
23/07/2008	5364.1	5467.2	5364.1	5449.9	2126534000	5449.9	97.3	85.8	1	1	0	
22/07/2008	5404.3	5404.3	5282.8	5364.1	1931906200	5364.1	1.8	-40.2	1	-1	0	
21/07/2008	5376.4	5445.8	5334.6	5404.3	1609589900	5404.3	-45.6	27.9	-1	1	0	
18/07/2008	5286.3	5376.4	5216.6	5376.4	2061723400	5376.4	12.3	90.1	1	1	0	
17/07/2008	5150.6	5320.5	5150.6	5286.3	2068339200	5286.3	-118	135.7	-1	1	0	
16/07/2008	5171.9	5210.1	5071.1	5150.6	2109417400	5150.6	-225.8	-21.3	-1	-1	1	
15/07/2008	5300.4	5300.4	5119	5171.9	2029590000	5171.9	-114.4	-128.5	-1	-1	1	
14/07/2008	5261.6	5373.2	5261.6	5300.4	1335586100	5300.4	149.8	38.8	1	1	-1	
11/07/2008	5406.8	5461.8	5261.6	5261.6	1687915400	5261.6	89.7	-145.2	1	-1	-1	
10/07/2008	5529.6	5529.6	5392.6	5406.8	1469240800	5406.8	106.4	-122.8	1	-1	0	
09/07/2008	5440.5	5538.2	5440.5	5529.6	1482713400	5529.6	268	89.1	1	1	1	
08/07/2008	5512.7	5512.7	5358.7	5440.5	1557397800	5440.5	33.7	-72.2	1	-1	-1	
07/07/2008	5412.8	5516.4	5400.1	5512.7	1185721200	5512.7	-16.9	99.9	-1	1	0	
04/07/2008	5476.6	5490.2	5394	5412.8	965363300	5412.8	-27.7	-63.8	-1	-1	0	
03/07/2008	5426.3	5490.6	5358.5	5476.6	1779109000	5476.6	-36.1	50.3	-1	1	0	
02/07/2008	5479.9	5566.8	5426.3	5426.3	1775871600	5426.3	13.5	-53.6	1	-1	0	
01/07/2008	5625.9	5625.9	5466.3	5479.9	1767594400	5479.9	3.3	-146	1	-1	0	
30/06/2008	5529.9	5625.9	5520.2	5625.9	1411196600	5625.9	199.6	96	1	1	0	
27/06/2008	5518.2	5555.2	5470.9	5529.9	1673088200	5529.9	50	11.7	1	1	1	
26/06/2008	5666.1	5666.1	5518.2	5518.2	1603238400	5518.2	-107.7	-147.9	-1	-1	0	
25/06/2008	5634.7	5669.6	5634.7	5666.1	1527032600	5666.1	136.2	31.4	1	1	-1	
24/06/2008	5667.2	5693.8	5581.6	5634.7	1606100900	5634.7	116.5	-32.5	1	-1	-1	
23/06/2008	5620.8	5679.2	5603.2	5667.2	1290570200	5667.2	1.1	46.4	1	1	1	
20/06/2008	5708.4	5731.9	5597	5620.8	1692611200	5620.8	-13.9	-87.6	-1	-1	0	
19/06/2008	5756.9	5786.4	5707.2	5708.4	1439258100	5708.4	41.2	-48.5	1	-1	0	
18/06/2008	5861.9	5861.9	5735.4	5756.9	1326674800	5756.9	136.1	-105	1	-1	0	
17/06/2008	5794.6	5930.3	5794.6	5861.9	1313063700	5861.9	153.5	67.3	1	1	1	
16/06/2008	5802.8	5832.6	5759.6	5794.6	1256900600	5794.6	37.7	-8.2	1	-1	-1	
13/06/2008	5790.5	5818.3	5719.5	5802.8	1354166400	5802.8	-59.1	12.3	-1	1	0	
12/06/2008	5723.3	5797.8	5719.8	5790.5	1871531600	5790.5	-4.1	67.2	-1	1	0	
11/06/2008	5827.3	5859.4	5708.3	5723.3	1940485200	5723.3	-79.5	-104	-1	-1	0	
10/06/2008	5877.6	5877.6	5813.4	5827.3	1327223000	5827.3	36.8	-50.3	1	-1	0	
09/06/2008	5906.8	5938.5	5869.6	5877.6	1314146900	5877.6	154.3	-29.2	1	-1	0	
06/06/2008	5995.3	6074.5	5906.5	5906.8	1377027600	5906.8	79.5	-88.5	1	-1	-1	
05/06/2008	5970.1	6005.1	5941	5995.3	1444749900	5995.3	117.7	25.2	1	1	0	
04/06/2008	6057.7	6057.7	5933.3	5970.1	1610558000	5970.1	63.3	-87.6	1	-1	-1	
03/06/2008	6007.6	6059	5993.3	6057.7	1331720200	6057.7	62.4	50.1	1	1	0	
02/06/2008	6053.5	6060.8	5978.4	6007.6	1276851200	6007.6	37.5	-45.9	1	-1	0	
30/05/2008	6068.1	6111.6	6044.7	6053.5	1650279200	6053.5	-4.2	-14.6	-1	-1	0	
29/05/2008	6069.6	6130.5	6041.1	6068.1	1377028900	6068.1	60.5	-1.5	1	-1	0	
28/05/2008	6058.5	6122.2	6052.5	6069.6	1344993800	6069.6	16.1	11.1	1	1	0	
27/05/2008	6087.3	6141.7	6048.7	6058.5	1296466600	6058.5	-9.6	-28.8	-1	-1	0	
23/05/2008	6181.6	6182.9	6087.3	6087.3	1133051900	6087.3	17.7	-94.3	1	-1	0	
22/05/2008	6198.1	6226.2	6159.4	6181.6	1551634800	6181.6	123.1	-16.5	1	-1	0	
21/05/2008	6191.6	6257.3	6183.5	6198.1	1354508000	6198.1	110.8	6.5	1	1	1	
20/05/2008	6376.5	6376.5	6191.6	6191.6	1351934500	6191.6	10	-184.9	1	-1	-1	
19/05/2008	6304.3	6377	6302.8	6376.5	1110917100	6376.5	178.4	72.2	1	1	0	
16/05/2008	6251.8	6348.6	6251.8	6304.3	1197660300	6304.3	112.7	52.5	1	1	1	
15/05/2008	6216	6258.5	6168.8	6251.8	1137169700	6251.8	-124.7	35.8	-1	1	1	
14/05/2008	6211.9	6253.1	6167.9	6216	1161774400	6216	-88.3	4.1	-1	1	-1	
13/05/2008	6220.6	6268.1	6142.3	6211.9	1049796000	6211.9	-39.9	-8.7	-1	-1	0	
12/05/2008	6204.7	6251.9	6184.8	6220.6	678570700	6220.6	4.6	15.9	1	1	0	
09/05/2008	6270.8	6270.8	6167.6	6204.7	965929700	6204.7	-7.2	-66.1	-1	-1	0	
08/05/2008	6256.5	6273.3	6217	6270.8	1054319800	6270.8	50.2	14.3	1	1	0	
07/05/2008	6215.2	6275	6214.1	6261	1037172400	6261	56.3	45.8	1	1	0	
06/05/2008	6215.5	6233.7	6155.9	6215.2	1079965300	6215.2	-55.6	-0.3	-1	-1	0	
02/05/2008	6087.3	6223.9	6087.3	6215.5	1199397100	6215.5	-41	128.2	-1	1	0	
01/05/2008	6087.3	6118.2	6066	6087.3	579875000	6087.3	-127.9	0	-1	-1	0	
30/04/2008	6089.4	6120.3	6035.8	6087.3	1156329800	6087.3	-128.2	-2.1	-1	-1	1	
29/04/2008	6090.4	6133.5	6051.6	6089.4	998315800	6089.4	2.1	-1	1	-1	1	
28/04/2008	6091.4	6134.5	6083.5	6090.4	781898400	6090.4	3.1	-1	1	-1	0	
25/04/2008	6050.7	6098.8	6045.5	6091.4	1148950800	6091.4	2	40.7	1	1	0	
24/04/2008	6083.6	6083.6	5951.9	6050.7	1145619100	6050.7	-39.7	-32.9	-1	-1	0	
23/04/2008	6034.7	6083.6	5978.8	6083.6	1353681200	6083.6	-7.8	48.9	-1	1	0	
22/04/2008	6053	6072	6007.5	6034.7	1035231400	6034.7	-16	-18.3	-1	-1	0	
21/04/2008	6056.5	6089.5	6021.2	6053	1173183700	6053	-30.6	-3.5	-1	-1	0	
18/04/2008	5980.4	6062.1	5974.3	6056.5	1420110800	6056.5	21.8	76.1	1	1	0	
17/04/2008	6046.2	6086.4	5973.9	5980.4	1341988500	5980.4	-72.6	-65.8	-1	-1	0	
16/04/2008	5906.9	6046.2	5906.9	6046.2	1277224000	6046.2	-10.3	139.3	-1	1	0	
15/04/2008	5831.6	5943.3	5831.6	5906.9	1265818100	5906.9	-73.5	75.3	-1	1	0	
14/04/2008	5895.5	5895.5	5827	5831.6	1072015700	5831.6	-214.6	-63.9	-1	-1	0	
11/04/2008	5965.1	6016.3	5866.1	5895.5	1230140800	5895.5	-11.4	-69.6	-1	-1	1	
10/04/2008	5983.9	6003.2	5881.9	5965.1	1231191100	5965.1	133.5	-18.8	1	-1	0	
09/04/2008	5990.2	6015.6	5947.2	5983.9	955804800	5983.9	88.4	-6.3	1	-1	-1	
08/04/2008	6014.8	6014.8	5942.2	5990.2	934848900	5990.2	25.1	-24.6	1	-1	0	
07/04/2008	5947.1	6014.8	5947.1	6014.8	946532500	6014.8	30.9	67.7	1	1	0	
04/04/2008	5891.3	5948	5888	5947.1	955634000	5947.1	-43.1	55.8	-1	1	0	
03/04/2008	5915.9	5935.2	5864	5891.3	1065812800	5891.3	-123.5	-24.6	-1	-1	0	
02/04/2008	5852.6	5920.1	5827.2	5915.9	1317727700	5915.9	-31.2	63.3	-1	1	-1	
01/04/2008	5702.1	5865.8	5670.4	5852.6	1473810500	5852.6	-38.7	150.5	-1	1	0	
31/03/2008	5692.9	5715.1	5585.6	5702.1	1374906000	5702.1	-213.8	9.2	-1	1	0	
28/03/2008	5717.5	5747.2	5673.7	5692.9	1045046000	5692.9	-159.7	-24.6	-1	-1	1	
27/03/2008	5660.4	5735	5650.9	5717.5	1419002800	5717.5	15.4	57.1	1	1	-1	
26/03/2008	5689.1	5689.1	5639.1	5660.4	1503602200	5660.4	-32.5	-28.7	-1	-1	0	
25/03/2008	5495.2	5704.3	5495.2	5689.1	1962218800	5689.1	-28.4	193.9	-1	1	0	
20/03/2008	5545.6	5545.6	5461.9	5495.2	2137214800	5495.2	-165.2	-50.4	-1	-1	0	
19/03/2008	5605.8	5653.6	5524.8	5545.6	2127270600	5545.6	-143.5	-60.2	-1	-1	1	
18/03/2008	5414.4	5610	5414.4	5605.8	1660294600	5605.8	110.6	191.4	1	1	-1	
17/03/2008	5631.7	5631.7	5414.4	5414.4	2058764000	5414.4	-131.2	-217.3	-1	-1	-1	
14/03/2008	5692.4	5782	5595.8	5631.7	1551274900	5631.7	25.9	-60.7	1	-1	1	
13/03/2008	5776.4	5776.4	5628.9	5692.4	1628702200	5692.4	278	-84	1	-1	0	
12/03/2008	5690.4	5812.7	5690.4	5776.4	1421374500	5776.4	144.7	86	1	1	1	
11/03/2008	5629.1	5783.4	5629.1	5690.4	1753848000	5690.4	-2	61.3	-1	1	1	
10/03/2008	5699.9	5718.8	5616.6	5629.1	1311043900	5629.1	-147.3	-70.8	-1	-1	0	
07/03/2008	5766.4	5766.4	5655.7	5699.9	1561260200	5699.9	9.5	-66.5	1	-1	1	
06/03/2008	5853.5	5871.1	5753.1	5766.4	1223869600	5766.4	137.3	-87.1	1	-1	0	
05/03/2008	5767.7	5860.5	5763.9	5853.5	1416583600	5853.5	153.6	85.8	1	1	1	
04/03/2008	5818.6	5872.9	5719.8	5767.7	1557756500	5767.7	1.3	-50.9	1	-1	-1	
03/03/2008	5884.3	5884.3	5770.1	5818.6	1524223000	5818.6	-34.9	-65.7	-1	-1	0	
29/02/2008	5965.7	5986.2	5859.3	5884.3	1558677200	5884.3	116.6	-81.4	1	-1	0	
28/02/2008	6076.5	6090.8	5960.3	5965.7	1557014700	5965.7	147.1	-110.8	1	-1	-1	
27/02/2008	6087.4	6104.5	5989	6076.5	1509729900	6076.5	192.2	-10.9	1	-1	-1	
26/02/2008	5999.5	6092.5	5991.6	6087.4	1285073100	6087.4	121.7	87.9	1	1	1	
25/02/2008	5888.5	6011.7	5888.5	5999.5	1214773900	5999.5	-77	111	-1	1	1	
22/02/2008	5932.2	5970.9	5863.8	5888.5	1249304400	5888.5	-198.9	-43.7	-1	-1	0	
21/02/2008	5893.6	6004.4	5893.6	5932.2	1304872300	5932.2	-67.3	38.6	-1	1	-1	
20/02/2008	5966.9	5966.9	5847.4	5893.6	1483248800	5893.6	5.1	-73.3	1	-1	0	
19/02/2008	5946.6	6033.7	5884.8	5966.9	1309767300	5966.9	34.7	20.3	1	1	0	
15/02/2008	5879.3	5915	5763.5	5787.6	1286214000	5787.6	-106	-91.7	-1	-1	0	
14/02/2008	5880.1	5938.5	5859.4	5879.3	1313155200	5879.3	-87.6	-0.8	-1	-1	1	
13/02/2008	5910	5915	5814.8	5880.1	1282472200	5880.1	-66.5	-29.9	-1	-1	0	
12/02/2008	5707.7	5910	5707.7	5910	1473528000	5910	30.7	202.3	1	1	0	
11/02/2008	5784	5789.6	5681.5	5707.7	1130427300	5707.7	-172.4	-76.3	-1	-1	0	
08/02/2008	5724.1	5805.3	5703.1	5784	1253695200	5784	-126	59.9	-1	1	-1	
07/02/2008	5875.4	5875.4	5708.8	5724.1	1651444900	5724.1	16.4	-151.3	1	-1	1	
06/02/2008	5868	5892.6	5816.4	5875.4	1319507100	5875.4	91.4	7.4	1	1	0	
05/02/2008	6026.2	6026.2	5852.8	5868	1424460500	5868	143.9	-158.2	1	-1	0	
04/02/2008	6029.2	6071.3	6000.2	6026.2	1102822300	6026.2	150.8	-3	1	-1	-1	
01/02/2008	5879.8	6044.9	5879.8	6029.2	1791834000	6029.2	161.2	149.4	1	1	1	
31/01/2008	5837.3	5899.5	5689.4	5879.8	1889212600	5879.8	-146.4	42.5	-1	1	1	
30/01/2008	5885.2	5885.2	5818.6	5837.3	1122769400	5837.3	-191.9	-47.9	-1	-1	1	
29/01/2008	5788.9	5885.2	5788.9	5885.2	1144882400	5885.2	5.4	96.3	1	1	-1	
28/01/2008	5869	5869	5705.1	5788.9	1233021300	5788.9	-48.4	-80.1	-1	-1	0	
25/01/2008	5875.8	5973.3	5848.5	5869	1647164400	5869	-16.2	-6.8	-1	-1	0	
24/01/2008	5609.3	5882.3	5609.3	5875.8	2129111000	5875.8	86.9	266.5	1	1	0	
23/01/2008	5740.1	5844.9	5518.3	5609.3	2146010400	5609.3	-259.7	-130.8	-1	-1	0	
22/01/2008	5578.2	5764	5338.7	5740.1	2146910000	5740.1	-135.7	161.9	-1	1	-1	
21/01/2008	5901.7	5901.7	5571	5578.2	2106408800	5578.2	-31.1	-323.5	-1	-1	1	
18/01/2008	5902.4	6030.9	5856.8	5901.7	2001846000	5901.7	161.6	-0.7	1	-1	0	
17/01/2008	5942.9	6028.4	5895.4	5902.4	1696753200	5902.4	324.2	-40.5	1	-1	-1	
16/01/2008	6025.6	6031.5	5908.5	5942.9	1891142200	5942.9	41.2	-82.7	1	-1	-1	
15/01/2008	6215.7	6215.7	6025.6	6025.6	1633314400	6025.6	123.2	-190.1	1	-1	0	
14/01/2008	6202	6247.3	6173	6215.7	1141689500	6215.7	272.8	13.7	1	1	1	
11/01/2008	6222.7	6251.8	6147	6202	1585046200	6202	176.4	-20.7	1	-1	-1	
10/01/2008	6272.7	6314.5	6213	6222.7	1561764100	6222.7	7	-50	1	-1	-1	
09/01/2008	6356.5	6356.5	6241.8	6272.7	1823908800	6272.7	70.7	-83.8	1	-1	0	
08/01/2008	6335.7	6399.6	6335.7	6356.5	1418490000	6356.5	133.8	20.8	1	1	0	
07/01/2008	6348.5	6376.5	6275.2	6335.7	1298557100	6335.7	63	-12.8	1	-1	-1	
04/01/2008	6479.4	6534.7	6333.2	6348.5	1182595000	6348.5	-8	-130.9	-1	-1	0	
03/01/2008	6416.7	6487.8	6394.6	6479.4	932411600	6479.4	143.7	62.7	1	1	0	
02/01/2008	6456.9	6512.3	6402.6	6416.7	674073200	6416.7	68.2	-40.2	1	-1	-1	
31/12/2007	6476.9	6480.2	6432.8	6456.9	193916400	6456.9	-22.5	-20	-1	-1	0	
28/12/2007	6497.8	6497.8	6436.8	6476.9	420046400	6476.9	60.2	-20.9	1	-1	0	
27/12/2007	6479.3	6504.7	6468.4	6497.8	481185100	6497.8	40.9	18.5	1	1	0	
24/12/2007	6434.1	6485.6	6431.2	6479.3	145425600	6479.3	2.4	45.2	1	1	0	
21/12/2007	6345.6	6451.8	6345.6	6434.1	1557130800	6434.1	-63.7	88.5	-1	1	0	
20/12/2007	6284.5	6367.7	6284.5	6345.6	1146332700	6345.6	-133.7	61.1	-1	1	0	
19/12/2007	6279.3	6319.1	6251.8	6284.5	1065834500	6284.5	-149.6	5.2	-1	1	-1	
18/12/2007	6277.8	6344.3	6254.5	6279.3	1177663500	6279.3	-66.3	1.5	-1	1	-1	
17/12/2007	6397	6397	6264.3	6277.8	1142261800	6277.8	-6.7	-119.2	-1	-1	0	
14/12/2007	6364.2	6426.2	6336.7	6397	975937200	6397	117.7	32.8	1	1	0	
13/12/2007	6559.8	6559.8	6364.2	6364.2	1406047700	6364.2	86.4	-195.6	1	-1	-1	
12/12/2007	6536.9	6610.9	6429.5	6559.8	1593979100	6559.8	162.8	22.9	1	1	0	
11/12/2007	6565.4	6597.5	6513.4	6536.9	971129100	6536.9	172.7	-28.5	1	-1	-1	
10/12/2007	6554.9	6596.7	6523.7	6565.4	1022301600	6565.4	5.6	10.5	1	1	1	
07/12/2007	6485.6	6577.8	6485.6	6554.9	1105835600	6554.9	18	69.3	1	1	0	
06/12/2007	6493.8	6591.8	6437.8	6485.6	1518034000	6485.6	-79.8	-8.2	-1	-1	0	
05/12/2007	6315.2	6493.8	6315.2	6493.8	1330501300	6493.8	-61.1	178.6	-1	1	0	
04/12/2007	6386.6	6398.2	6289.3	6315.2	1207162400	6315.2	-170.4	-71.4	-1	-1	0	
03/12/2007	6432.5	6456.1	6379.9	6386.6	1171600800	6386.6	-107.2	-45.9	-1	-1	1	
30/11/2007	6349.1	6455.8	6334	6432.5	1613249400	6432.5	117.3	83.4	1	1	-1	
29/11/2007	6306.2	6363.5	6273.4	6349.1	1410893500	6349.1	-37.5	42.9	-1	1	1	
28/11/2007	6140.7	6307.4	6109.6	6306.2	1557515900	6306.2	-126.3	165.5	-1	1	0	
27/11/2007	6180.5	6197.1	6061.8	6140.7	1522180900	6140.7	-208.4	-39.8	-1	-1	1	
26/11/2007	6262.1	6307.8	6180.5	6180.5	1213903200	6180.5	-125.7	-81.6	-1	-1	1	
23/11/2007	6155.3	6262.1	6153.6	6262.1	1164111200	6262.1	121.4	106.8	1	1	-1	
22/11/2007	6070.9	6155.3	6026.9	6155.3	1057454700	6155.3	-25.2	84.4	-1	1	1	
21/11/2007	6226.5	6226.5	6041.8	6070.9	1451986300	6070.9	-191.2	-155.6	-1	-1	0	
20/11/2007	6120.8	6227.7	6078.7	6226.5	1670833400	6226.5	71.2	105.7	1	1	-1	
19/11/2007	6291.2	6331.7	6120.8	6120.8	1376432200	6120.8	49.9	-170.4	1	-1	0	
16/11/2007	6359.6	6359.6	6283.9	6291.2	1354551300	6291.2	64.7	-68.4	1	-1	0	
15/11/2007	6432.1	6465.4	6335.5	6359.6	1247280400	6359.6	238.8	-72.5	1	-1	0	
14/11/2007	6362.4	6460.8	6362.4	6432.1	1656137200	6432.1	140.9	69.7	1	1	1	
13/11/2007	6337.9	6387.4	6279.7	6362.4	1653336000	6362.4	2.8	24.5	1	1	1	
12/11/2007	6304.9	6365.2	6268.6	6337.9	1481929600	6337.9	-94.2	33	-1	1	0	
09/11/2007	6381.9	6442.9	6268.9	6304.9	1789367800	6304.9	-57.5	-77	-1	-1	0	
08/11/2007	6385.1	6432.3	6290.3	6381.9	2131190800	6381.9	44	-3.2	1	-1	0	
07/11/2007	6474.9	6519.2	6381.3	6385.1	1154914600	6385.1	80.2	-89.8	1	-1	0	
06/11/2007	6461.4	6512.1	6456.4	6474.9	1422579600	6474.9	93	13.5	1	1	0	
05/11/2007	6530.6	6530.6	6420.4	6461.4	1413957200	6461.4	76.3	-69.2	1	-1	0	
02/11/2007	6586.1	6586.1	6483.4	6530.6	1699776400	6530.6	55.7	-55.5	1	-1	0	
01/11/2007	6721.6	6723.7	6549.7	6586.1	1488383500	6586.1	124.7	-135.5	1	-1	0	
31/10/2007	6659	6721.6	6636.9	6721.6	1679888400	6721.6	191	62.6	1	1	1	
30/10/2007	6706	6706	6653.8	6659	1470789000	6659	72.9	-47	1	-1	-1	
29/10/2007	6661.3	6726.9	6661.3	6706	1586284900	6706	-15.6	44.7	-1	1	0	
26/10/2007	6576.3	6684.1	6567.1	6661.3	2090789600	6661.3	2.3	85	1	1	0	
25/10/2007	6482	6587.6	6482	6576.3	1950013600	6576.3	-129.7	94.3	-1	1	0	
24/10/2007	6514	6550.9	6460.9	6482	1616236900	6482	-179.3	-32	-1	-1	1	
23/10/2007	6459.3	6562.7	6459.3	6514	1660006400	6514	-62.3	54.7	-1	1	-1	
22/10/2007	6527.9	6527.9	6413.4	6459.3	1579305800	6459.3	-22.7	-68.6	-1	-1	0	
19/10/2007	6609.4	6615.8	6523.6	6527.9	1785068800	6527.9	13.9	-81.5	1	-1	0	
18/10/2007	6677.7	6722	6584.9	6609.4	1739688000	6609.4	150.1	-68.3	1	-1	0	
17/10/2007	6614.3	6690.5	6594.9	6677.7	1975530600	6677.7	149.8	63.4	1	1	1	
16/10/2007	6644.5	6644.5	6596.3	6614.3	1860730400	6614.3	4.9	-30.2	1	-1	-1	
15/10/2007	6730.7	6751.7	6632.1	6644.5	1745764800	6644.5	-33.2	-86.2	-1	-1	0	
12/10/2007	6724.5	6730.7	6660	6730.7	2146771200	6730.7	116.4	6.2	1	1	0	
11/10/2007	6633	6730.1	6633	6724.5	2147272400	6724.5	80	91.5	1	1	1	
10/10/2007	6615.4	6633	6587.7	6633	1753424400	6633	-97.7	17.6	-1	1	0	
09/10/2007	6540.9	6625.3	6527.5	6615.4	1677935600	6615.4	-109.1	74.5	-1	1	0	
08/10/2007	6595.8	6605.6	6540.9	6540.9	1642300500	6540.9	-92.1	-54.9	-1	-1	1	
05/10/2007	6547.9	6605.1	6547.9	6595.8	1593592300	6595.8	-19.6	47.9	-1	1	0	
04/10/2007	6535.2	6593.3	6507.2	6547.9	1930898000	6547.9	7	12.7	1	1	0	
03/10/2007	6500.4	6542.8	6495	6535.2	2036551200	6535.2	-60.6	34.8	-1	1	0	
02/10/2007	6506.2	6567	6489.6	6500.4	2147328000	6500.4	-47.5	-5.8	-1	-1	0	
01/10/2007	6466.8	6514.5	6419.2	6506.2	1668930000	6506.2	-29	39.4	-1	1	0	
28/09/2007	6486.4	6500.4	6411.8	6466.8	2147358800	6466.8	-33.6	-19.6	-1	-1	0	
27/09/2007	6433	6508	6433	6486.4	2081502000	6486.4	-19.8	53.4	-1	1	0	
26/09/2007	6396.9	6484.4	6396.9	6433	1958384800	6433	-33.8	36.1	-1	1	0	
25/09/2007	6465.9	6465.9	6367	6396.9	2147378800	6396.9	-89.5	-69	-1	-1	0	
24/09/2007	6456.7	6494.2	6437.3	6465.9	1788563000	6465.9	32.9	9.2	1	1	0	
21/09/2007	6429	6481.6	6409.9	6456.7	2138550600	6456.7	59.8	27.7	1	1	0	
20/09/2007	6460	6460	6395.1	6429	1959086000	6429	-36.9	-31	-1	-1	0	
19/09/2007	6283.3	6512.4	6283.3	6460	2145890400	6460	3.3	176.7	1	1	0	
18/09/2007	6182.8	6298.5	6158.8	6283.3	2111940000	6283.3	-145.7	100.5	-1	1	0	
17/09/2007	6289.3	6289.3	6168	6182.8	2013260400	6182.8	-277.2	-106.5	-1	-1	1	
14/09/2007	6363.9	6363.9	6209.1	6289.3	2147180800	6289.3	6	-74.6	1	-1	1	
13/09/2007	6306.2	6374.5	6280.2	6363.9	1682212000	6363.9	181.1	57.7	1	1	0	
12/09/2007	6280.7	6317.1	6232	6306.2	1544617300	6306.2	16.9	25.5	1	1	1	
11/09/2007	6134.1	6280.7	6134.1	6280.7	1384825900	6280.7	-83.2	146.6	-1	1	0	
10/09/2007	6191.2	6232.1	6123.1	6134.1	1358041100	6134.1	-172.1	-57.1	-1	-1	0	
07/09/2007	6313.3	6342.7	6179.1	6191.2	1937698000	6191.2	-89.5	-122.1	-1	-1	1	
06/09/2007	6270.7	6327.3	6217.5	6313.3	1577759600	6313.3	179.2	42.6	1	1	0	
05/09/2007	6376.8	6390.5	6264.5	6270.7	1382927300	6270.7	79.5	-106.1	1	-1	-1	
04/09/2007	6315.2	6378	6274.9	6376.8	1354080100	6376.8	63.5	61.6	1	1	0	
03/09/2007	6303.3	6334.4	6303.2	6315.2	870994100	6315.2	44.5	11.9	1	1	0	
31/08/2007	6212	6309.5	6212	6303.3	1405717400	6303.3	-73.5	91.3	-1	1	0	
30/08/2007	6132.2	6220.8	6122.5	6212	1527847600	6212	-103.2	79.8	-1	1	0	
29/08/2007	6102.2	6137.9	6056.5	6132.2	1277810500	6132.2	-171.1	30	-1	1	-1	
28/08/2007	6220.1	6220.1	6083.9	6102.2	1251576900	6102.2	-109.8	-117.9	-1	-1	1	
24/08/2007	6196.9	6232.2	6182.4	6220.1	1064108000	6220.1	87.9	23.2	1	1	-1	
23/08/2007	6196	6287.2	6194.4	6196.9	1710798800	6196.9	94.7	0.9	1	1	0	
22/08/2007	6086.1	6196.6	6086.1	6196	1720924400	6196	-24.1	109.9	-1	1	0	
21/08/2007	6078.7	6118.9	6031.8	6086.1	1563512400	6086.1	-110.8	7.4	-1	1	0	
20/08/2007	6064.2	6163.4	6064.2	6078.7	1481372100	6078.7	-117.3	14.5	-1	1	-1	
17/08/2007	5858.9	6134	5821.7	6064.2	2146704600	6064.2	-21.9	205.3	-1	1	-1	
16/08/2007	6109.3	6109.3	5858.9	5858.9	2122855400	5858.9	-219.8	-250.4	-1	-1	0	
15/08/2007	6143.5	6143.5	6041.7	6109.3	1773176400	6109.3	45.1	-34.2	1	-1	1	
14/08/2007	6219	6264.9	6132.2	6143.5	1778694000	6143.5	284.6	-75.5	1	-1	0	
13/08/2007	6038.3	6237.8	6038.3	6219	1990652800	6219	109.7	180.7	1	1	1	
10/08/2007	6271.2	6271.2	6038.3	6038.3	2146195200	6038.3	-105.2	-232.9	-1	-1	-1	
09/08/2007	6393.9	6393.9	6228	6271.2	2146899400	6271.2	52.2	-122.7	1	-1	1	
08/08/2007	6308.8	6406.3	6308.8	6393.9	2102086800	6393.9	355.6	85.1	1	1	0	
07/08/2007	6189.1	6308.8	6189.1	6308.8	1775851600	6308.8	37.6	119.7	1	1	1	
06/08/2007	6224.3	6245.9	6161.5	6189.1	1727996400	6189.1	-204.8	-35.2	-1	-1	0	
03/08/2007	6300.3	6333.5	6212.2	6224.3	1772894000	6224.3	-84.5	-76	-1	-1	1	
02/08/2007	6250.6	6319.3	6250.6	6300.3	1864279600	6300.3	111.2	49.7	1	1	0	
01/08/2007	6360.1	6360.1	6187.2	6250.6	2124592200	6250.6	26.3	-109.5	1	-1	-1	
31/07/2007	6206.1	6361.1	6206.1	6360.1	2119510400	6360.1	59.8	154	1	1	0	
30/07/2007	6215.2	6256.5	6186.2	6206.1	1964464800	6206.1	-44.5	-9.1	-1	-1	0	
27/07/2007	6251.2	6315.2	6192.3	6215.2	2146488400	6215.2	-144.9	-36	-1	-1	0	
26/07/2007	6454.3	6474.7	6251.2	6251.2	2146439200	6251.2	45.1	-203.1	1	-1	1	
25/07/2007	6498.7	6533.6	6436.7	6454.3	1877530000	6454.3	239.1	-44.4	1	-1	0	
24/07/2007	6624.4	6624.4	6498.7	6498.7	1858650000	6498.7	247.5	-125.7	1	-1	-1	
23/07/2007	6585.2	6624.4	6583.5	6624.4	1450986400	6624.4	170.1	39.2	1	1	1	
20/07/2007	6640.2	6674.3	6580	6585.2	1648459200	6585.2	86.5	-55	1	-1	-1	
19/07/2007	6567.1	6658.8	6567.1	6640.2	1929774600	6640.2	15.8	73.1	1	1	0	
18/07/2007	6659.1	6659.1	6567.1	6567.1	1649267100	6567.1	-18.1	-92	-1	-1	0	
17/07/2007	6697.7	6698.5	6628.1	6659.1	1653158100	6659.1	18.9	-38.6	1	-1	0	
16/07/2007	6716.7	6735.8	6679.2	6697.7	1620914300	6697.7	130.6	-19	1	-1	0	
13/07/2007	6697.7	6754.1	6697.7	6716.7	1459318900	6716.7	57.6	19	1	1	1	
12/07/2007	6615.1	6697.7	6594.7	6697.7	1791645200	6697.7	0	82.6	-1	1	0	
11/07/2007	6630.9	6630.9	6574.2	6615.1	1735622400	6615.1	-101.6	-15.8	-1	-1	0	
10/07/2007	6712.7	6734.3	6620.5	6630.9	1764305200	6630.9	-66.8	-81.8	-1	-1	1	
09/07/2007	6690.1	6725.9	6690.1	6712.7	1314680000	6712.7	97.6	22.6	1	1	0	
06/07/2007	6635.2	6690.4	6635.2	6690.1	1579720000	6690.1	59.2	54.9	1	1	0	
05/07/2007	6673.1	6691.8	6625.8	6635.2	2094628800	6635.2	-77.5	-37.9	-1	-1	0	
04/07/2007	6639.8	6682.9	6639.8	6673.1	1208030100	6673.1	-17	33.3	-1	1	0	
03/07/2007	6590.6	6645.3	6590.6	6639.8	1863055200	6639.8	4.6	49.2	1	1	0	
02/07/2007	6607.9	6612.8	6570.5	6590.6	1617107900	6590.6	-82.5	-17.3	-1	-1	0	
29/06/2007	6571.3	6607.9	6519.6	6607.9	2019137800	6607.9	-31.9	36.6	-1	1	0	
28/06/2007	6527.6	6575.5	6527.6	6571.3	2141633200	6571.3	-19.3	43.7	-1	1	0	
27/06/2007	6559.3	6559.3	6496.4	6527.6	2144115800	6527.6	-80.3	-31.7	-1	-1	0	
26/06/2007	6588.4	6593.5	6539.9	6559.3	1988701200	6559.3	-12	-29.1	-1	-1	0	
25/06/2007	6567.4	6591.4	6522.3	6588.4	1919506000	6588.4	60.8	21	1	1	0	
22/06/2007	6596	6612.3	6562.2	6567.4	1591629800	6567.4	8.1	-28.6	1	-1	0	
21/06/2007	6649.3	6649.3	6563.9	6596	2146364000	6596	7.6	-53.3	1	-1	0	
20/06/2007	6650.2	6692.6	6647.6	6649.3	2139497600	6649.3	81.9	-0.9	1	-1	0	
19/06/2007	6703.5	6721.4	6650.2	6650.2	1713057600	6650.2	54.2	-53.3	1	-1	0	
18/06/2007	6732.4	6751.3	6696.8	6703.5	1300679000	6703.5	54.2	-28.9	1	-1	0	
15/06/2007	6649.9	6734.2	6649.9	6732.4	2147134000	6732.4	82.2	82.5	1	1	0	
14/06/2007	6559.6	6654.3	6559.6	6649.9	1889536400	6649.9	-53.6	90.3	-1	1	0	
13/06/2007	6520.4	6567.3	6483.6	6559.6	1925533000	6559.6	-172.8	39.2	-1	1	0	
12/06/2007	6567.5	6586.6	6513.7	6520.4	2009952200	6520.4	-129.5	-47.1	-1	-1	1	
11/06/2007	6505.1	6567.5	6505.1	6567.5	1400291000	6567.5	7.9	62.4	1	1	-1	
08/06/2007	6505.1	6519.4	6451.4	6505.1	2147079600	6505.1	-15.3	0	-1	-1	0	
07/06/2007	6522.7	6574.9	6478	6505.1	2145944400	6505.1	-62.4	-17.6	-1	-1	0	
06/06/2007	6632.8	6636.9	6511.7	6522.7	2034886600	6522.7	17.6	-110.1	1	-1	0	
05/06/2007	6664.1	6686.6	6625.7	6632.8	1790008800	6632.8	127.7	-31.3	1	-1	0	
04/06/2007	6676.7	6686.1	6641.2	6664.1	1276511200	6664.1	141.4	-12.6	1	-1	-1	
01/06/2007	6621.4	6676.7	6621.3	6676.7	1746554800	6676.7	43.9	55.3	1	1	1	
31/05/2007	6602.1	6650.2	6602.1	6621.4	2067952800	6621.4	-42.7	19.3	-1	1	0	
30/05/2007	6606.5	6606.5	6533.5	6602.1	2048075400	6602.1	-74.6	-4.4	-1	-1	0	
29/05/2007	6570.5	6613.4	6570.5	6606.5	2146616000	6606.5	-14.9	36	-1	1	0	
25/05/2007	6565.4	6575.2	6532.5	6570.5	1649747200	6570.5	-31.6	5.1	-1	1	0	
24/05/2007	6616.4	6619.5	6560.5	6565.4	2137269600	6565.4	-41.1	-51	-1	-1	0	
23/05/2007	6606.6	6643.8	6602.5	6616.4	2142740200	6616.4	45.9	9.8	1	1	0	
22/05/2007	6636.8	6641.9	6594.6	6606.6	2147420000	6606.6	41.2	-30.2	1	-1	0	
21/05/2007	6640.9	6675	6619.4	6636.8	1562307500	6636.8	20.4	-4.1	1	-1	0	
18/05/2007	6579.3	6656.3	6579.1	6640.9	1971217200	6640.9	34.3	61.6	1	1	0	
17/05/2007	6559.5	6588.7	6553.6	6579.3	1987515600	6579.3	-57.5	19.8	-1	1	0	
16/05/2007	6568.6	6578.6	6539.4	6559.5	1834992800	6559.5	-81.4	-9.1	-1	-1	0	
15/05/2007	6555.5	6579	6532.9	6568.6	2142701600	6568.6	-10.7	13.1	-1	1	0	
14/05/2007	6565.7	6596.3	6530.3	6555.5	1234021300	6555.5	-4	-10.2	-1	-1	0	
11/05/2007	6524.1	6577	6451.9	6565.7	2146800600	6565.7	-2.9	41.6	-1	1	0	
10/05/2007	6549.6	6565.1	6515	6524.1	1836226400	6524.1	-31.4	-25.5	-1	-1	0	
09/05/2007	6550.4	6592.4	6529	6549.6	1948521400	6549.6	-16.1	-0.8	-1	-1	0	
08/05/2007	6603.7	6603.7	6537.5	6550.4	1962124000	6550.4	26.3	-53.3	1	-1	0	
04/05/2007	6537.8	6614.7	6537.8	6603.7	2099882800	6603.7	54.1	65.9	1	1	0	
03/05/2007	6484.5	6542.5	6484.5	6537.8	1925600400	6537.8	-12.6	53.3	-1	1	0	
02/05/2007	6419.6	6489	6419.6	6484.5	2017407600	6484.5	-119.2	64.9	-1	1	0	
01/05/2007	6449.2	6449.2	6395.5	6419.6	1036351100	6419.6	-118.2	-29.6	-1	-1	1	
30/04/2007	6418.7	6474.7	6410.5	6449.2	1386355000	6449.2	-35.3	30.5	-1	1	-1	
27/04/2007	6469.4	6469.4	6410.6	6418.7	1877732000	6418.7	-0.9	-50.7	-1	-1	0	
26/04/2007	6461.9	6511.1	6443.7	6469.4	1688938000	6469.4	20.2	7.5	1	1	0	
25/04/2007	6429.5	6479	6429.5	6461.9	2141341200	6461.9	43.2	32.4	1	1	0	
24/04/2007	6479.7	6493.1	6408.4	6429.5	2082848400	6429.5	-39.9	-50.2	-1	-1	0	
23/04/2007	6486.8	6504.5	6466.1	6479.7	1325336900	6479.7	17.8	-7.1	1	-1	0	
20/04/2007	6440.6	6508.9	6440.6	6486.8	2142959200	6486.8	57.3	46.2	1	1	0	
19/04/2007	6449.4	6451.8	6386.2	6440.6	1447222200	6440.6	-39.1	-8.8	-1	-1	0	
18/04/2007	6497.8	6497.8	6440.8	6449.4	1490398100	6449.4	-37.4	-48.4	-1	-1	0	
17/04/2007	6516.2	6516.2	6456.4	6497.8	1558112100	6497.8	57.2	-18.4	1	-1	0	
16/04/2007	6462.4	6516.2	6462.4	6516.2	1504428800	6516.2	66.8	53.8	1	1	0	
13/04/2007	6416.4	6462.4	6416.4	6462.4	1515814000	6462.4	-35.4	46	-1	1	0	
12/04/2007	6413.3	6419.6	6376.4	6416.4	1491396500	6416.4	-99.8	3.1	-1	1	0	
11/04/2007	6417.8	6445.9	6401.9	6413.3	1995616000	6413.3	-49.1	-4.5	-1	-1	0	
10/04/2007	6397.3	6431.7	6394.3	6417.8	1604097700	6417.8	1.4	20.5	1	1	0	
05/04/2007	6364.7	6398.7	6350.3	6397.3	1373407100	6397.3	-16	32.6	-1	1	0	
04/04/2007	6366.1	6380.5	6345.9	6364.7	1749293400	6364.7	-53.1	-1.4	-1	-1	0	
03/04/2007	6315.5	6366.1	6315.5	6366.1	1816500000	6366.1	-31.2	50.6	-1	1	0	
02/04/2007	6308	6342.2	6293.9	6315.5	1360638100	6315.5	-49.2	7.5	-1	1	0	
30/03/2007	6324.2	6330	6291.1	6308	1952043600	6308	-58.1	-16.2	-1	-1	0	
29/03/2007	6267.2	6334.7	6267.2	6324.2	1534047700	6324.2	8.7	57	1	1	0	
28/03/2007	6292.6	6304.9	6250.1	6267.2	1582559700	6267.2	-40.8	-25.4	-1	-1	0	
27/03/2007	6291.9	6337.7	6276.8	6292.6	1549551200	6292.6	-31.6	0.7	-1	1	0	
26/03/2007	6339.4	6355.3	6274.1	6291.9	1766095600	6291.9	24.7	-47.5	1	-1	0	
23/03/2007	6318	6350.4	6296.6	6339.4	2052956800	6339.4	46.8	21.4	1	1	0	
22/03/2007	6256.8	6342.1	6256.8	6318	2143517800	6318	26.1	61.2	1	1	0	
21/03/2007	6220.3	6287.5	6207.7	6256.8	1776058400	6256.8	-82.6	36.5	-1	1	0	
20/03/2007	6189.4	6220.3	6159.4	6220.3	2146044000	6220.3	-97.7	30.9	-1	1	0	
19/03/2007	6130.6	6200.6	6130.6	6189.4	1827203000	6189.4	-67.4	58.8	-1	1	0	
16/03/2007	6133.2	6142.2	6094.7	6130.6	2116076000	6130.6	-89.7	-2.6	-1	-1	0	
15/03/2007	6000.7	6133.2	6000.7	6133.2	2137773200	6133.2	-56.2	132.5	-1	1	0	
14/03/2007	6161.2	6161.2	6000.7	6000.7	2147069800	6000.7	-129.9	-160.5	-1	-1	0	
13/03/2007	6233.3	6240.7	6161.2	6161.2	1595964300	6161.2	28	-72.1	1	-1	1	
12/03/2007	6245.2	6276.3	6219.3	6233.3	1355450200	6233.3	232.6	-11.9	1	-1	0	
09/03/2007	6227.7	6255.8	6190.3	6245.2	1660715000	6245.2	84	17.5	1	1	1	
08/03/2007	6156.5	6233.1	6156.5	6227.7	1542604000	6227.7	-5.6	71.2	-1	1	0	
07/03/2007	6138.5	6167.6	6106.1	6156.5	1669634300	6156.5	-88.7	18	-1	1	0	
06/03/2007	6058.7	6138.5	6058.7	6138.5	2123082800	6138.5	-89.2	79.8	-1	1	0	
05/03/2007	6116.2	6116.2	5989.6	6058.7	1913736200	6058.7	-97.8	-57.5	-1	-1	0	
02/03/2007	6116	6164.4	6085.6	6116.2	1923026800	6116.2	-22.3	0.2	-1	1	0	
01/03/2007	6171.5	6230.7	6038.9	6116	2147378000	6116	57.3	-55.5	1	-1	0	
28/02/2007	6286.1	6286.1	6166.2	6171.5	2147044800	6171.5	55.3	-114.6	1	-1	0	
27/02/2007	6434.7	6434.7	6270.5	6286.1	2044216000	6286.1	170.1	-148.6	1	-1	0	
26/02/2007	6401.5	6446.8	6401.5	6434.7	1468711700	6434.7	263.2	33.2	1	1	1	
23/02/2007	6380.9	6401.5	6357.1	6401.5	1661409800	6401.5	115.4	20.6	1	1	1	
22/02/2007	6357.1	6416	6357.1	6380.9	1757669200	6380.9	-53.8	23.8	-1	1	1	
21/02/2007	6412.3	6430.4	6352.1	6357.1	1769971000	6357.1	-44.4	-55.2	-1	-1	0	
20/02/2007	6444.4	6448.1	6392.4	6412.3	1556580500	6412.3	31.4	-32.1	1	-1	0	
19/02/2007	6419.5	6451.4	6419.5	6444.4	924726700	6444.4	87.3	24.9	1	1	0	
16/02/2007	6433.3	6439.2	6407.3	6419.5	1382320800	6419.5	7.2	-13.8	1	-1	0	
15/02/2007	6421.2	6435.3	6397.2	6433.3	1416697600	6433.3	-11.1	12.1	-1	1	0	
14/02/2007	6381.8	6421.2	6378.6	6421.2	1511242400	6421.2	1.7	39.4	1	1	0	
13/02/2007	6353.5	6381.8	6353.5	6381.8	1416286700	6381.8	-51.5	28.3	-1	1	0	
12/02/2007	6382.8	6383.1	6344.7	6353.5	1494281900	6353.5	-67.7	-29.3	-1	-1	0	
09/02/2007	6346.4	6395.4	6346.4	6382.8	1546436000	6382.8	1	36.4	1	1	0	
08/02/2007	6369.5	6375	6330.1	6346.4	1721451200	6346.4	-7.1	-23.1	-1	-1	0	
07/02/2007	6346.3	6379.8	6338.2	6369.5	1841128600	6369.5	-13.3	23.2	-1	1	0	
06/02/2007	6317.9	6369.7	6317.9	6346.3	1863241600	6346.3	-0.1	28.4	-1	1	0	
05/02/2007	6310.9	6328.9	6294.7	6317.9	1300078600	6317.9	-51.6	7	-1	1	0	
02/02/2007	6282.2	6329	6282.2	6310.9	2146065000	6310.9	-35.4	28.7	-1	1	0	
01/02/2007	6203.1	6300.3	6203.1	6282.2	2143964400	6282.2	-35.7	79.1	-1	1	0	
31/01/2007	6242	6257.3	6197.5	6203.1	2141167400	6203.1	-107.8	-38.9	-1	-1	0	
30/01/2007	6239.9	6250.1	6212.5	6242	1465861600	6242	-40.2	2.1	-1	1	-1	
29/01/2007	6228	6253.7	6216	6239.9	1514653800	6239.9	36.8	11.9	1	1	0	
26/01/2007	6269.3	6271.4	6226.4	6228	1577128300	6228	-14	-41.3	-1	-1	0	
25/01/2007	6314.8	6335.1	6262.1	6269.3	1785913600	6269.3	29.4	-45.5	1	-1	0	
24/01/2007	6227.6	6320.9	6227.6	6314.8	1875850200	6314.8	86.8	87.2	1	1	0	
23/01/2007	6218.4	6240.7	6189.2	6227.6	1502967400	6227.6	-41.7	9.2	-1	1	0	
22/01/2007	6237.2	6270.9	6215.8	6218.4	1491780800	6218.4	-96.4	-18.8	-1	-1	0	
19/01/2007	6210.3	6243.3	6178	6237.2	1463593700	6237.2	9.6	26.9	1	1	0	
18/01/2007	6204.5	6257.2	6204.5	6210.3	1867057600	6210.3	-8.1	5.8	-1	1	0	
17/01/2007	6215.7	6227	6163.5	6204.5	1854154400	6204.5	-32.7	-11.2	-1	-1	0	
16/01/2007	6263.5	6266.4	6206.4	6215.7	1613624200	6215.7	5.4	-47.8	1	-1	0	
15/01/2007	6239	6279.7	6239	6263.5	1143652900	6263.5	59	24.5	1	1	0	
12/01/2007	6230.1	6247.6	6204.3	6239	1899868000	6239	23.3	8.9	1	1	0	
11/01/2007	6160.7	6233.1	6130.2	6230.1	2147062400	6230.1	-33.4	69.4	-1	1	0	
10/01/2007	6196.1	6196.1	6142	6160.7	1881991000	6160.7	-78.3	-35.4	-1	-1	0	
09/01/2007	6194.2	6218.5	6190.4	6196.1	2143699600	6196.1	-34	1.9	-1	1	0	
08/01/2007	6220.1	6246	6187	6194.2	1326700800	6194.2	33.5	-25.9	1	-1	0	
05/01/2007	6287	6287	6220.1	6220.1	1622439200	6220.1	24	-66.9	1	-1	0	
04/01/2007	6319	6319	6261	6287	1902875400	6287	92.8	-32	1	-1	0	
03/01/2007	6310.9	6322	6296	6319	1606892600	6319	98.9	8.1	1	1	0	
02/01/2007	6220.8	6312.5	6220.8	6310.9	1074946400	6310.9	23.9	90.1	1	1	0	
29/12/2006	6240.9	6245.2	6207.6	6220.8	561961300	6220.8	-98.2	-20.1	-1	-1	0	
28/12/2006	6245.2	6258.7	6232.3	6240.9	512698400	6240.9	-70	-4.3	-1	-1	0	
27/12/2006	6190	6248.1	6190	6245.2	606891400	6245.2	24.4	55.2	1	1	0	
22/12/2006	6183.7	6191.1	6175.5	6190	475781100	6190	-50.9	6.3	-1	1	0	
21/12/2006	6198.6	6203.5	6171.2	6183.7	1068612100	6183.7	-61.5	-14.9	-1	-1	0	
20/12/2006	6203.9	6240.1	6197.9	6198.6	1203981000	6198.6	8.6	-5.3	1	-1	0	
19/12/2006	6247.4	6247.4	6192	6203.9	1408300700	6203.9	20.2	-43.5	1	-1	0	
18/12/2006	6260	6269.1	6240.1	6247.4	1254247300	6247.4	48.8	-12.6	1	-1	0	
15/12/2006	6228	6271.4	6228	6260	2140440800	6260						
14/12/2006	6192.5	6230.6	6192.5	6228	1484146900	6228						
13/12/2006	6156.4	6196.6	6149.4	6192.5	1783762800	6192.5						
12/12/2006	6159.8	6164.8	6137.8	6156.4	1653482400	6156.4						
11/12/2006	6152.4	6187	6147.1	6159.8	1405243100	6159.8						
08/12/2006	6131.5	6157.1	6106.6	6152.4	1632000300	6152.4						
07/12/2006	6090.3	6145.3	6082.8	6131.5	1715884800	6131.5						
06/12/2006	6086.4	6105.7	6068.1	6090.3	1657440700	6090.3						
05/12/2006	6050.4	6097.4	6047.1	6086.4	1747636800	6086.4						
04/12/2006	6021.5	6058.1	6019.4	6050.4	1286179500	6050.4						
01/12/2006	6048.8	6087.4	5985.2	6021.5	1805651200	6021.5						
30/11/2006	6084.4	6108.9	6043.9	6048.8	1785469200	6048.8						
29/11/2006	6025.9	6098.6	6025.9	6084.4	1725779400	6084.4						
28/11/2006	6050.1	6062.8	6011.8	6025.9	1907684800	6025.9						
27/11/2006	6122.1	6129.5	6050.1	6050.1	1663486800	6050.1						
24/11/2006	6140	6140	6068.1	6122.1	1335559800	6122.1						
23/11/2006	6160.3	6181.7	6115.1	6140	1257256000	6140						
22/11/2006	6202.6	6233.1	6146.3	6160.3	1928778000	6160.3						
21/11/2006	6204.5	6228.4	6199.7	6202.6	1665305900	6202.6						
20/11/2006	6192	6218.9	6148.3	6204.5	1583123200	6204.5						
17/11/2006	6254.9	6254.9	6178.9	6192	1553257900	6192						
16/11/2006	6229.8	6256.8	6212.1	6254.9	1756639200	6254.9						
15/11/2006	6186.6	6229.8	6186.6	6229.8	1709608400	6229.8						
14/11/2006	6194.2	6223.9	6167.3	6186.6	1724141400	6186.6						
13/11/2006	6208.4	6239.8	6171.9	6194.2	1466749800	6194.2						
10/11/2006	6231.5	6233.1	6198.6	6208.4	1540927000	6208.4						
09/11/2006	6239	6250.4	6205.1	6231.5	1941091600	6231.5						
08/11/2006	6244	6244	6205.7	6239	1555121200	6239						
07/11/2006	6224.5	6244.5	6219.7	6244	1341969400	6244						
06/11/2006	6148.1	6224.5	6146.5	6224.5	1139977800	6224.5						
03/11/2006	6149.3	6177.3	6134	6148.1	1377065100	6148.1						
02/11/2006	6149.6	6172	6112.9	6149.3	1818387200	6149.3						
01/11/2006	6129.2	6180.7	6129.2	6149.6	1631932500	6149.6						
31/10/2006	6126.8	6149.9	6110.9	6129.2	1788183600	6129.2						
30/10/2006	6160.9	6160.9	6112.9	6126.8	1366361000	6126.8						
27/10/2006	6184.8	6206	6132.7	6160.9	1589175500	6160.9						
26/10/2006	6214.6	6244.6	6179.7	6184.8	1738351600	6184.8						
25/10/2006	6182.5	6216.1	6178.8	6214.6	1354486800	6214.6						
24/10/2006	6166.1	6186.9	6161.3	6182.5	1238923200	6182.5						
23/10/2006	6155.2	6181.1	6129.1	6166.1	1061220800	6166.1						
20/10/2006	6156	6199.8	6134.3	6155.2	1450615500	6155.2						
19/10/2006	6150.4	6183.5	6113.1	6156	1303207100	6156						
18/10/2006	6108.6	6166.8	6108.6	6150.4	1750405800	6150.4						
17/10/2006	6172.4	6174.7	6105.8	6108.6	1485665600	6108.6						
16/10/2006	6157.3	6184.3	6149.3	6172.4	1285792400	6172.4						
13/10/2006	6121.3	6170.5	6105.3	6157.3	1451175800	6157.3						
12/10/2006	6073.5	6121.7	6069	6121.3	1338882600	6121.3						
11/10/2006	6072.7	6081.9	6044.7	6073.5	1672596700	6073.5						
10/10/2006	6030.9	6076.3	6030.2	6072.7	2058971800	6072.7						
09/10/2006	6001.2	6044.5	5994.8	6030.9	1338778100	6030.9						
06/10/2006	6004.5	6014.3	5978.1	6001.2	1628449100	6001.2						
05/10/2006	5966.5	6016.7	5966.5	6004.5	2145351000	6004.5						
04/10/2006	5937.1	5969.1	5921.5	5966.5	2142754800	5966.5						
03/10/2006	5957.8	5957.8	5897.3	5937.1	1939007400	5937.1						
02/10/2006	5960.8	5985.5	5950.9	5957.8	1628546500	5957.8						
29/09/2006	5971.3	6002.9	5950.1	5960.8	1618783100	5960.8						
28/09/2006	5930.1	5978.8	5930.1	5971.3	1469060100	5971.3						
27/09/2006	5873.6	5942.2	5872.8	5930.1	1883803000	5930.1						
26/09/2006	5798.3	5879.2	5798.3	5873.6	1651896700	5873.6						
25/09/2006	5822.3	5847	5774.5	5798.3	1770395600	5798.3						
22/09/2006	5896.7	5896.7	5820.4	5822.3	1246627000	5822.3						
21/09/2006	5866.2	5898.1	5848.5	5896.7	1846888400	5896.7						
20/09/2006	5831.8	5880.8	5820.9	5866.2	1828956400	5866.2						
19/09/2006	5890.2	5897.4	5831.8	5831.8	1436161600	5831.8						
18/09/2006	5877	5911.9	5870.4	5890.2	1211359000	5890.2						
15/09/2006	5877.2	5899.2	5864.8	5877	2071064200	5877						
14/09/2006	5892.2	5943.7	5869	5877.2	1798578000	5877.2						
13/09/2006	5895.5	5913.4	5874.5	5892.2	1867392000	5892.2						
12/09/2006	5850.8	5896.9	5824.2	5895.5	1864798600	5895.5						
11/09/2006	5879.3	5879.3	5820	5850.8	1089823200	5850.8						
08/09/2006	5858.1	5899	5858.1	5879.3	1015429900	5879.3						
07/09/2006	5929.3	5929.3	5853.3	5858.1	1574375200	5858.1						
06/09/2006	5981.7	5981.7	5926.2	5929.3	1270011200	5929.3						
05/09/2006	5986.6	5991.2	5956.3	5981.7	1190045900	5981.7						
04/09/2006	5949.1	5986.6	5947.7	5986.6	992682800	5986.6						
01/09/2006	5906.1	5967.7	5906.1	5949.1	1146154500	5949.1						
31/08/2006	5929.3	5937	5895	5906.1	1386764500	5906.1						
30/08/2006	5888.3	5945.3	5888.2	5929.3	1477304500	5929.3						
29/08/2006	5878.6	5921.3	5878.6	5888.3	1366248500	5888.3						
25/08/2006	5869.1	5893.6	5858.6	5878.6	1044447600	5878.6						
24/08/2006	5860	5892.3	5832.5	5869.1	1211904400	5869.1						
23/08/2006	5902.6	5906.3	5853.8	5860	1165203200	5860						
22/08/2006	5915.2	5939.2	5878.4	5902.6	1154758300	5902.6						
21/08/2006	5903.4	5936.6	5883.8	5915.2	978829900	5915.2						
18/08/2006	5900.4	5932.5	5900.2	5903.4	1492403600	5903.4						
17/08/2006	5896.6	5915	5888.8	5900.4	1391457600	5900.4						
16/08/2006	5897.9	5902.8	5848.7	5896.6	1734086800	5896.6						
15/08/2006	5870.9	5903.2	5845	5897.9	1340987000	5897.9						
14/08/2006	5820.1	5870.9	5820.1	5870.9	1029687300	5870.9						
11/08/2006	5823.4	5848.2	5797	5820.1	1397317100	5820.1						
10/08/2006	5860.5	5860.5	5752.6	5823.4	1763427200	5823.4						
09/08/2006	5818.1	5865.9	5778.2	5860.5	1440463400	5860.5						
08/08/2006	5828.8	5866.6	5818.1	5818.1	1551879200	5818.1						
07/08/2006	5889.4	5889.4	5820.9	5828.8	945153000	5828.8						
04/08/2006	5838.4	5893.3	5836.5	5889.4	1497892000	5889.4						
03/08/2006	5932.1	5940.7	5827.1	5838.4	1803150600	5838.4						
02/08/2006	5880.8	5932.1	5880.8	5932.1	1329175500	5932.1						
01/08/2006	5928.3	5949.8	5867.4	5880.8	1278757400	5880.8						
31/07/2006	5974.9	5977.2	5928.3	5928.3	1272181800	5928.3						
28/07/2006	5929.5	5982.5	5904.7	5974.9	1401927000	5974.9						
27/07/2006	5877.1	5936.8	5877.1	5929.5	1583646400	5929.5						
26/07/2006	5851.2	5878.7	5851.2	5877.1	1720193600	5877.1						
25/07/2006	5833.9	5872.8	5825.8	5851.2	1547468200	5851.2						
24/07/2006	5719.7	5835.2	5719.7	5833.9	1298199400	5833.9						
21/07/2006	5770.9	5770.9	5700.7	5719.7	1594082100	5719.7						
20/07/2006	5778	5819.7	5756.4	5770.9	1308633700	5770.9						
19/07/2006	5681.7	5785.3	5680.8	5778	1665784200	5778						
18/07/2006	5701	5712.6	5658.3	5681.7	1439566900	5681.7						
17/07/2006	5707.6	5721.1	5654.6	5701	1366791200	5701						
14/07/2006	5765	5765	5707.6	5707.6	1305351900	5707.6						
13/07/2006	5860.6	5860.6	5751.9	5765	1515312700	5765						
12/07/2006	5857.3	5899.3	5842.7	5860.6	1212975900	5860.6						
11/07/2006	5896.9	5896.9	5844	5857.3	1162635500	5857.3						
10/07/2006	5888.9	5901	5856.5	5896.9	880029600	5896.9						
07/07/2006	5890	5908.5	5858.4	5888.9	1424761200	5888.9						
06/07/2006	5826.7	5897.1	5826.7	5890	1312357600	5890						
05/07/2006	5883.5	5883.5	5815.7	5826.7	1138260600	5826.7						
04/07/2006	5884.4	5884.5	5848.3	5883.5	863784700	5883.5						
03/07/2006	5833.4	5884.4	5833.4	5884.4	1194578500	5884.4						
30/06/2006	5791.5	5865.7	5791.5	5833.4	1583755600	5833.4						
29/06/2006	5678.6	5791.7	5678.6	5791.5	1502990700	5791.5						
28/06/2006	5652.3	5702.9	5633.8	5678.6	1267809100	5678.6						
27/06/2006	5681.2	5729.8	5650	5652.3	1337754500	5652.3						
26/06/2006	5692.1	5716.5	5677.5	5681.2	1614543500	5681.2						
23/06/2006	5684.1	5716.7	5667.8	5692.1	1145495200	5692.1						
22/06/2006	5665	5736.8	5657.2	5684.1	1611284600	5684.1						
21/06/2006	5658.2	5673.5	5610.8	5665	1642751600	5665						
20/06/2006	5626.1	5658.2	5585	5658.2	1352420400	5658.2						
19/06/2006	5597.4	5665.7	5597.4	5626.1	1153580400	5626.1						
16/06/2006	5619.3	5701.5	5594.3	5597.4	2134808800	5597.4						
15/06/2006	5506.8	5636.8	5506.8	5619.3	1917016000	5619.3						
14/06/2006	5519.6	5544.4	5475.6	5506.8	1860632800	5506.8						
13/06/2006	5620.9	5620.9	5467.4	5519.6	2146786800	5519.6						
12/06/2006	5655.2	5666.3	5612.3	5620.9	1463611000	5620.9						
09/06/2006	5562.9	5673.6	5562.9	5655.2	1801661400	5655.2						
08/06/2006	5706.3	5706.3	5562.9	5562.9	2135136200	5562.9						
07/06/2006	5669.8	5720.6	5638.5	5706.3	1885561000	5706.3						
06/06/2006	5762.1	5762.1	5656.6	5669.8	1883561800	5669.8						
05/06/2006	5764.6	5789.8	5738.9	5762.1	1072108200	5762.1						
02/06/2006	5749.7	5802.9	5745.7	5764.6	1669869800	5764.6						
01/06/2006	5723.8	5754.8	5680.6	5749.7	1833351200	5749.7						
31/05/2006	5652	5743.8	5591.5	5723.8	2119922000	5723.8						
30/05/2006	5791	5793.6	5643.3	5652	2026626200	5652						
26/05/2006	5677.7	5791	5677.7	5791	1627197000	5791						
25/05/2006	5587.1	5677.7	5562	5677.7	1760626600	5677.7						
24/05/2006	5678.7	5678.7	5563.5	5587.1	2146770400	5587.1						
23/05/2006	5532.7	5705.9	5532.7	5678.7	2147208600	5678.7						
22/05/2006	5657.4	5657.4	5510.5	5532.7	2031642400	5532.7						
19/05/2006	5671.6	5715	5645.4	5657.4	1777461200	5657.4						
18/05/2006	5675.5	5719.7	5618.7	5671.6	2143472600	5671.6						
17/05/2006	5846.2	5871.6	5675.5	5675.5	2145492400	5675.5						
16/05/2006	5841.3	5883.2	5807.1	5846.2	2138429000	5846.2						
15/05/2006	5912.1	5912.1	5755.4	5841.3	1991604000	5841.3						
12/05/2006	6042	6042	5912.1	5912.1	1697671200	5912.1						
11/05/2006	6083.4	6114.5	6039.9	6042	1600703400	6042						
10/05/2006	6105.6	6110	6079.6	6083.4	1940756400	6083.4						
09/05/2006	6067.1	6109.7	6054.6	6105.6	2064291600	6105.6						
08/05/2006	6091.7	6133.5	6058.8	6067.1	1607859400	6067.1						
05/05/2006	6036.9	6093.1	6033.9	6091.7	1852648000	6091.7						
04/05/2006	6010	6045.8	6001.1	6036.9	1687069400	6036.9						
03/05/2006	6082.1	6100	6008.7	6010	1886399400	6010						
02/05/2006	6023.1	6090.7	6022.3	6082.1	1657637600	6082.1						
28/04/2006	6060	6060	6023.1	6023.1	1644294800	6023.1						
27/04/2006	6104.3	6104.6	6026.2	6060	1966010000	6060						
26/04/2006	6086.6	6126.5	6086.6	6104.3	1650185400	6104.3						
25/04/2006	6098.7	6128.8	6084.6	6086.6	1581336400	6086.6						
24/04/2006	6132.7	6136.5	6098.7	6098.7	1338013400	6098.7						
21/04/2006	6081.4	6137.1	6077.9	6132.7	1553597400	6132.7						
20/04/2006	6089.8	6113.4	6074.2	6081.4	2029861600	6081.4						
19/04/2006	6044.1	6100.6	6044.1	6089.8	1703340600	6089.8						
18/04/2006	6029.4	6056.1	6026.1	6044.1	1389246800	6044.1						
13/04/2006	6000.8	6033.7	5987.2	6029.4	1300431400	6029.4						
12/04/2006	6016.5	6020	5974.5	6000.8	1851945400	6000.8						
11/04/2006	6067	6092.5	6012.9	6016.5	2013240400	6016.5						
10/04/2006	6026.1	6067	6024.3	6067	1716789400	6067						
07/04/2006	6045.7	6074.2	6020.6	6026.1	1984025400	6026.1						
06/04/2006	6044.1	6073.3	6037.6	6045.7	1830574800	6045.7						
05/04/2006	6004.7	6047.5	5983.5	6044.1	2111723800	6044.1						
04/04/2006	6024.3	6024.3	5984.3	6004.7	1622348200	6004.7						
03/04/2006	5964.6	6033.5	5964.6	6024.3	1488772200	6024.3						
31/03/2006	6015.2	6019.2	5961.4	5964.6	1650124600	5964.6						
30/03/2006	5959.2	6036	5959.2	6015.2	1496758000	6015.2						
29/03/2006	5935.7	5979.7	5927.2	5959.2	1742429400	5959.2						
28/03/2006	5972.2	6004.3	5929.7	5935.7	2137043000	5935.7						
27/03/2006	6036.3	6047	5971.4	5972.2	1526643600	5972.2						
24/03/2006	5990.1	6037.9	5990.1	6036.3	2097466800	6036.3						
23/03/2006	6007.5	6029.4	5974.8	5990.1	2137408800	5990.1						
22/03/2006	5991.3	6012.6	5957.8	6007.5	2144835400	6007.5						
21/03/2006	5991.7	5992.9	5956.7	5991.3	1771106200	5991.3						
20/03/2006	5999.4	6039.1	5986.9	5991.7	1881072000	5991.7						
17/03/2006	5993.2	6044	5992.8	5999.4	2147369000	5999.4						
16/03/2006	5965.1	5995.2	5951	5993.2	2146858200	5993.2						
15/03/2006	5950.6	5980.5	5950.6	5965.1	1859456400	5965.1						
14/03/2006	5952.8	5978.6	5940.7	5950.6	1998671200	5950.6						
13/03/2006	5907.9	5959.9	5907.9	5952.8	2085598400	5952.8						
10/03/2006	5855.9	5909.1	5838.2	5907.9	1720750200	5907.9						
09/03/2006	5812.9	5857.1	5812.9	5855.9	1640072800	5855.9						
08/03/2006	5857.4	5857.6	5790.9	5812.9	1915545600	5812.9						
07/03/2006	5897.8	5897.8	5830.7	5857.4	1935777600	5857.4						
06/03/2006	5858.7	5924.5	5858.7	5897.8	2147444000	5897.8						
03/03/2006	5833	5864	5803.8	5858.7	2066401600	5858.7						
02/03/2006	5844.1	5880	5803.7	5833	1917206200	5833						
01/03/2006	5791.5	5844.1	5783.9	5844.1	1990319400	5844.1						
28/02/2006	5875.9	5877.4	5788.7	5791.5	2134114600	5791.5						
27/02/2006	5860.5	5893.3	5860.5	5875.9	2036067200	5875.9						
24/02/2006	5836	5864	5836	5860.5	2014904800	5860.5						
23/02/2006	5872.4	5878.8	5829.4	5836	2099116600	5836						
22/02/2006	5857.7	5877.6	5836.8	5872.4	1842925400	5872.4						
21/02/2006	5863	5888	5856.9	5857.7	1676916800	5857.7						
20/02/2006	5846.2	5866.7	5839.4	5863	1094531400	5863						
17/02/2006	5828.9	5863.3	5822.4	5846.2	1741254400	5846.2						
16/02/2006	5791.5	5828.9	5791.5	5828.9	1895566200	5828.9						
15/02/2006	5792.3	5814.5	5780.9	5791.5	1844068000	5791.5						
14/02/2006	5793.5	5828.6	5773.7	5792.3	1706179400	5792.3						
13/02/2006	5764.1	5793.5	5760.3	5793.5	1369455600	5793.5						
10/02/2006	5808.7	5808.7	5764.1	5764.1	2058495200	5764.1						
09/02/2006	5725.1	5808.9	5725.1	5808.7	2138982600	5808.7						
08/02/2006	5746.8	5746.8	5681.9	5725.1	2141978600	5725.1						
07/02/2006	5772.4	5781.3	5734.7	5746.8	2042239200	5746.8						
06/02/2006	5759.3	5790.4	5759.3	5772.4	1681635200	5772.4						
03/02/2006	5747.3	5766.7	5728.2	5759.3	1728166400	5759.3						
02/02/2006	5801.6	5811.8	5743	5747.3	1969273800	5747.3						
01/02/2006	5760.3	5816	5746.2	5801.6	2144570400	5801.6						
31/01/2006	5779.8	5792.5	5760.3	5760.3	2143520800	5760.3						
30/01/2006	5786.8	5796.1	5772.7	5779.8	1414552400	5779.8						
27/01/2006	5722.6	5788.2	5722.6	5786.8	2039447400	5786.8						
26/01/2006	5704.4	5744	5698.5	5722.6	2141267000	5722.6						
25/01/2006	5633.8	5704.4	5633.8	5704.4	1993671000	5704.4						
24/01/2006	5660.9	5679	5630.4	5633.8	2113319200	5633.8						
23/01/2006	5672.4	5672.4	5625	5660.9	1658293600	5660.9						
20/01/2006	5693.2	5729.8	5666.5	5672.4	2131625600	5672.4						
19/01/2006	5663.7	5710	5663.7	5693.2	2052263400	5693.2						
18/01/2006	5699	5699	5634.8	5663.7	1849631400	5663.7						
17/01/2006	5740.2	5740.2	5693.1	5699	1902898600	5699						
16/01/2006	5711	5740.2	5707.2	5740.2	1259420600	5740.2						
13/01/2006	5735.1	5735.1	5690.9	5711	1641089400	5711						
12/01/2006	5731.5	5744.6	5724.9	5735.1	2119263800	5735.1						
11/01/2006	5688.8	5731.5	5688.8	5731.5	1606590000	5731.5						
10/01/2006	5731.5	5731.5	5686.1	5688.8	1799942000	5688.8						
09/01/2006	5731.8	5750.3	5725.9	5731.5	1690826200	5731.5						
06/01/2006	5691.2	5731.8	5691.2	5731.8	1894952000	5731.8						
05/01/2006	5714.6	5722.4	5686.4	5691.2	1862546600	5691.2						
04/01/2006	5681.5	5716.4	5681.5	5714.6	2005345000	5714.6						
03/01/2006	5618.8	5682.2	5618.8	5681.5	1838004800	5681.5						
30/12/2005	5638.3	5640	5596.8	5618.8	329952000	5618.8						
29/12/2005	5622.8	5647.2	5622.8	5638.3	504948600	5638.3						
28/12/2005	5595.4	5622.8	5591.9	5622.8	688900200	5622.8						
23/12/2005	5597	5608.2	5588	5595.4	307762200	5595.4						
22/12/2005	5587.4	5599.3	5584.8	5597	1069350000	5597						
21/12/2005	5547.9	5590.2	5547.9	5587.4	1344223600	5587.4						
20/12/2005	5539.8	5552.2	5524.7	5547.9	1606969400	5547.9						
19/12/2005	5531.6	5548.4	5525.7	5539.8	1225682400	5539.8						
16/12/2005	5495.3	5552.6	5495.3	5531.6	2140549600	5531.6						
15/12/2005	5521.1	5530.2	5489.3	5495.3	1852742200	5495.3						
